302.9560394
311.9447937
313.9407654
331.9509888
336.9692688
337.9708252
338.9716492
346.9819946
347.9659729
352.905838
353.9011536
354.8853455
356.8930054
358.8887482
366.9884949
370.9167938
371.9116516
372.8955078
373.8945923
374.8923645
386.8543701
388.1277618
391.2841034
394.8775787
399.2505798
405.9536438
407.9327393
416.8598633
423.9642944
425.9433899
426.9424438
428.8913269
430.888092
431.8912506
432.8853149
434.8822021
435.8698883
436.8676147
442.9701233
443.969635
444.8258972
444.9499512
445.8254089
446.928772
448.9060059
450.8851929
462.8362427
463.1473694
489.6035744
490.8629456
491.8590393
492.8422241
508.8738251
510.8526001
524.8730469
533.1911621
538.8893433
545.8890991
577.1268311
607.2097778
651.1453857
667.8799438
668.1772461
669.1749878
680.8759155
684.2026978
743.1943359
